Training Results:

train_runtime: 7505.6445
train_samples_per_second: 596.884
train_steps_per_second: 18.653
total_flos: 1.17875866730496e+17
train_loss: 0.06967671738777842
epoch: 4.0

Test Results:

eval_accuracy: 0.9671315789473685
eval_precision: 0.9671558671702796
eval_recall: 0.9671315789473685
eval_f1: 0.9671311517206278
eval_loss: 0.08752583712339401
eval_model_preparation_time: 0.002
eval_runtime: 44.9494
eval_samples_per_second: 845.395
eval_steps_per_second: 26.43
