Training Results:

train_runtime: 265.7982
train_samples_per_second: 752.45
train_steps_per_second: 23.514
total_flos: 6577776384000000.0
train_loss: 0.16485835746765137
epoch: 5.0

Test Results:

eval_accuracy: 0.90908
eval_precision: 0.9090857834911727
eval_recall: 0.90908
eval_f1: 0.9090796786512162
eval_loss: 0.24691496789455414
eval_model_preparation_time: 0.002
eval_runtime: 17.4066
eval_samples_per_second: 1436.233
eval_steps_per_second: 44.925
