Training Results:

train_runtime: 344.126
train_samples_per_second: 581.182
train_steps_per_second: 18.162
total_flos: 5262315479040000.0
train_loss: 0.167002663230896
epoch: 4.0

Test Results:

eval_accuracy: 0.913
eval_precision: 0.9150806498687581
eval_recall: 0.913
eval_f1: 0.9128908382829026
eval_loss: 0.21731507778167725
eval_model_preparation_time: 0.002
eval_runtime: 29.7152
eval_samples_per_second: 841.321
eval_steps_per_second: 26.317
