Training Results:

train_runtime: 4691.0792
train_samples_per_second: 955.004
train_steps_per_second: 29.844
total_flos: 1.1787375280128e+17
train_loss: 0.09274155847089631
epoch: 4.0

Test Results:

eval_accuracy: 0.9627105263157895
eval_precision: 0.9627124758605977
eval_recall: 0.9627105263157895
eval_f1: 0.9627104870378469
eval_loss: 0.10159481316804886
eval_model_preparation_time: 0.002
eval_runtime: 26.3539
eval_samples_per_second: 1441.91
eval_steps_per_second: 45.079
